2.516667;51.082779;0
2.477500;51.072224;0
2.437778;51.062222;0
2.395833;51.053612;0
2.348889;51.052223;0
2.308056;51.053333;0
2.267500;51.043610;0
2.223333;51.037224;0
2.182778;51.027500;0
2.143055;51.017502;0
2.103611;51.009445;0
2.051111;51.008888;0
2.005556;51.003334;0
1.961111;50.996666;0
1.925556;50.993057;0
1.888333;50.980835;0
1.843611;50.974724;0
1.804722;50.963890;0
1.764444;50.954166;0
1.730000;50.939999;0
1.700000;50.922222;0
1.673889;50.901390;0
1.644722;50.883057;0
1.602500;50.874722;0
1.578056;50.856945;0
1.590278;50.830002;0
1.600278;50.801666;0
1.600833;50.769444;0
1.588611;50.738056;0
1.568611;50.712776;0
1.565000;50.680832;0
1.571667;50.651112;0
1.576111;50.619999;0
1.576944;50.587776;0
1.590833;50.561668;0
1.601111;50.540279;0
1.577500;50.523888;0
1.574722;50.489166;0
1.572222;50.454445;0
1.564722;50.421391;0
1.566111;50.393612;0
1.602778;50.380280;0
1.585278;50.370277;0
1.550833;50.356388;0
1.543056;50.321667;0
1.534167;50.288612;0
1.551111;50.264168;0
1.583055;50.252499;0
1.606111;50.238609;0
1.630833;50.218056;0
1.657222;50.208611;0
1.670833;50.193890;0
1.634722;50.189167;0
1.598056;50.201668;0
1.566389;50.218613;0
1.525556;50.211666;0
1.497500;50.192780;0
1.478333;50.166943;0
1.466944;50.134998;0
1.447778;50.109165;0
1.420556;50.089722;0
1.389444;50.073334;0
1.356944;50.057777;0
1.325833;50.041111;0
1.297222;50.022499;0
1.268056;50.004723;0
1.239444;49.986389;0
1.206667;49.971390;0
1.167778;49.960835;0
1.131111;49.948891;0
1.095000;49.936390;0
1.056944;49.924999;0
1.011389;49.919998;0
0.959722;49.919445;0
0.925278;49.906666;0
0.884722;49.897778;0
0.840278;49.891666;0
0.802500;49.880554;0
0.759444;49.873333;0
0.706944;49.875557;0
0.662778;49.868889;0
0.621667;49.860279;0
0.581111;49.851112;0
0.547222;49.836945;0
0.514722;49.821945;0
0.481944;49.806667;0
0.445000;49.794998;0
0.408056;49.785000;0
0.378889;49.773335;0
0.350833;49.754723;0
0.311111;49.744999;0
0.270833;49.735832;0
0.234444;49.723610;0
0.198889;49.710835;0
0.173056;49.691387;0
0.160556;49.661110;0
0.148056;49.630554;0
0.130556;49.603889;0
0.110556;49.579166;0
0.091111;49.553612;0
0.074167;49.526669;0
0.093333;49.504444;0
0.119167;49.484722;0
0.161111;49.477501;0
0.189444;49.466389;0
0.210278;49.470276;0
0.249722;49.458057;0
0.302222;49.453888;0
0.353611;49.454166;0
0.397500;49.460556;0
0.436389;49.470554;0
0.473889;49.481945;0
0.484444;49.480835;0
0.455000;49.463055;0
0.419444;49.450554;0
0.379444;49.441387;0
0.334444;49.435833;0
0.288611;49.431110;0
0.240833;49.427776;0
0.206111;49.420834;0
0.164444;49.413055;0
0.128056;49.400276;0
0.101944;49.381668;0
0.079167;49.358891;0
0.043889;49.346111;0
0.009167;49.332779;0
-0.026389;49.319443;0
-0.064167;49.308613;0
-0.104167;49.299168;0
-0.151111;49.295277;0
-0.196111;49.289722;0
-0.218056;49.275276;0
-0.239444;49.284168;0
-0.271111;49.296391;0
-0.310556;49.307499;0
-0.349722;49.319443;0
-0.387222;49.332779;0
-0.429722;49.341389;0
-0.480278;49.341946;0
-0.524167;49.351387;0
-0.570556;49.347500;0
-0.615833;49.344166;0
-0.664444;49.350277;0
-0.718611;49.351387;0
-0.768611;49.356388;0
-0.820000;49.361389;0
-0.868056;49.368610;0
-0.906111;49.381390;0
-0.941667;49.395279;0
-0.995833;49.396111;0
-1.043333;49.391388;0
-1.084722;49.387779;0
-1.111389;49.368332;0
-1.112222;49.343613;0
-1.143333;49.350834;0
-1.166667;49.356388;0
-1.181944;49.364445;0
-1.171389;49.392776;0
-1.174444;49.418610;0
-1.198611;49.439167;0
-1.226389;49.457779;0
-1.248056;49.479721;0
-1.268611;49.502499;0
-1.289444;49.525002;0
-1.303889;49.551388;0
-1.296111;49.581665;0
-1.259167;49.589722;0
-1.243333;49.613335;0
-1.230556;49.630280;0
-1.241111;49.658611;0
-1.263889;49.680279;0
-1.281389;49.694168;0
-1.329722;49.701111;0
-1.380000;49.706944;0
-1.426111;49.702221;0
-1.468889;49.694721;0
-1.489722;49.670834;0
-1.525000;49.657501;0
-1.576389;49.659168;0
-1.614722;49.650002;0
-1.644167;49.658890;0
-1.675000;49.672501;0
-1.715278;49.680279;0
-1.763056;49.683056;0
-1.808056;49.688332;0
-1.831111;49.708889;0
-1.870000;49.708889;0
-1.901667;49.720001;0
-1.941667;49.723888;0
-1.938611;49.693611;0
-1.929722;49.671112;0
-1.883889;49.663055;0
-1.853611;49.646111;0
-1.843333;49.617222;0
-1.838056;49.586388;0
-1.855278;49.560001;0
-1.881667;49.540279;0
-1.870833;49.515278;0
-1.844444;49.496113;0
-1.835556;49.466389;0
-1.818889;49.441666;0
-1.818889;49.406666;0
-1.812222;49.377777;0
-1.773889;49.381668;0
-1.757222;49.363609;0
-1.733889;49.342777;0
-1.708055;49.340279;0
-1.693889;49.341667;0
-1.702778;49.326946;0
-1.692222;49.304443;0
-1.667500;49.289444;0
-1.662222;49.270000;0
-1.648333;49.243332;0
-1.632500;49.218056;0
-1.610833;49.234165;0
-1.568889;49.225555;0
-1.567778;49.220001;0
-1.608611;49.218887;0
-1.604445;49.187778;0
-1.598889;49.156387;0
-1.578056;49.146389;0
-1.595556;49.132778;0
-1.608333;49.104443;0
-1.597500;49.079445;0
-1.599444;49.056389;0
-1.592500;49.026112;0
-1.575556;49.012501;0
-1.553889;49.035557;0
-1.511667;49.030556;0
-1.530556;49.030834;0
-1.555833;49.011665;0
-1.558889;48.979721;0
-1.556111;48.948612;0
-1.547222;48.926388;0
-1.561944;48.922779;0
-1.568333;48.891388;0
-1.577500;48.859165;0
-1.605556;48.841110;0
-1.574444;48.831665;0
-1.564444;48.802776;0
-1.561667;48.769722;0
-1.553333;48.740276;0
-1.520000;48.725277;0
-1.509444;48.704445;0
-1.484167;48.684723;0
-1.445833;48.673611;0
-1.423889;48.670834;0
-1.393056;48.659721;0
-1.356667;48.646111;0
-1.387500;48.644722;0
-1.435556;48.642502;0
-1.470833;48.631943;0
-1.511667;48.633335;0
-1.559722;48.639721;0
-1.600556;48.633057;0
-1.633056;48.617779;0
-1.679722;48.613609;0
-1.729167;48.611111;0
-1.767222;48.605000;0
-1.812222;48.610554;0
-1.849444;48.623333;0
-1.867500;48.647221;0
-1.857500;48.674721;0
-1.842500;48.695835;0
-1.861111;48.703888;0
-1.899444;48.694168;0
-1.937500;48.696110;0
-1.953333;48.687500;0
-1.987778;48.680832;0
-2.006111;48.660557;0
-2.024722;48.645000;0
-2.016389;48.621387;0
-1.998889;48.599724;0
-1.966389;48.590557;0
-1.966111;48.575832;0
-1.977500;48.569721;0
-1.956944;48.550835;0
-1.941944;48.533611;0
-1.969444;48.515556;0
-1.973889;48.531113;0
-1.991944;48.554165;0
-2.002778;48.576668;0
-2.021111;48.597778;0
-2.028333;48.626389;0
-2.051667;48.644165;0
-2.097778;48.642223;0
-2.133333;48.637501;0
-2.137778;48.619167;0
-2.139167;48.615555;0
-2.165833;48.605278;0
-2.166667;48.582222;0
-2.185555;48.598888;0
-2.195000;48.593334;0
-2.211389;48.585278;0
-2.226111;48.611389;0
-2.241667;48.633335;0
-2.258889;48.645832;0
-2.290555;48.630280;0
-2.317222;48.614166;0
-2.317222;48.635277;0
-2.295833;48.658333;0
-2.303056;48.674168;0
-2.319167;48.691113;0
-2.340278;48.668056;0
-2.376389;48.656113;0
-2.404722;48.638054;0
-2.431389;48.653610;0
-2.476944;48.648335;0
-2.462778;48.633057;0
-2.490833;48.615276;0
-2.522500;48.599724;0
-2.559167;48.590832;0
-2.583889;48.570557;0
-2.608056;48.549721;0
-2.635000;48.530834;0
-2.674444;48.537498;0
-2.682222;48.507500;0
-2.701389;48.518333;0
-2.730833;48.533611;0
-2.716389;48.554722;0
-2.754167;48.566944;0
-2.780000;48.585556;0
-2.817778;48.597500;0
-2.817500;48.623890;0
-2.824445;48.654999;0
-2.851111;48.673889;0
-2.887778;48.686668;0
-2.910000;48.707500;0
-2.937222;48.726112;0
-2.939445;48.747223;0
-2.948611;48.768890;0
-2.979722;48.766666;0
-3.023611;48.775002;0
-3.033333;48.785000;0
-3.023056;48.799168;0
-3.009167;48.817223;0
-3.047500;48.821388;0
-3.076944;48.813889;0
-3.089722;48.785000;0
-3.113333;48.763611;0
-3.119167;48.769722;0
-3.094167;48.790279;0
-3.081667;48.819168;0
-3.083611;48.842499;0
-3.083889;48.868610;0
-3.113611;48.866665;0
-3.146667;48.856110;0
-3.170278;48.843334;0
-3.192500;48.821110;0
-3.220833;48.803055;0
-3.217222;48.810276;0
-3.206111;48.840000;0
-3.212778;48.866665;0
-3.243056;48.857777;0
-3.267222;48.839722;0
-3.299722;48.838333;0
-3.339167;48.830833;0
-3.380000;48.821945;0
-3.408611;48.804165;0
-3.426111;48.816113;0
-3.453611;48.823055;0
-3.479722;48.839722;0
-3.503056;48.831390;0
-3.527500;48.826111;0
-3.536389;48.807499;0
-3.571667;48.796391;0
-3.580555;48.766945;0
-3.550833;48.754166;0
-3.540555;48.735832;0
-3.581111;48.730278;0
-3.579167;48.697777;0
-3.583055;48.675835;0
-3.611944;48.688057;0
-3.646111;48.686390;0
-3.658333;48.697498;0
-3.698333;48.700279;0
-3.733611;48.713612;0
-3.778056;48.710835;0
-3.810555;48.726112;0
-3.830555;48.716667;0
-3.846111;48.691666;0
-3.846389;48.670277;0
-3.856389;48.674446;0
-3.847778;48.651943;0
-3.855833;48.633057;0
-3.888056;48.648056;0
-3.899722;48.670277;0
-3.922500;48.674721;0
-3.949445;48.656113;0
-3.950000;48.676388;0
-3.963611;48.698891;0
-3.968055;48.725555;0
-3.993611;48.722778;0
-4.030278;48.713333;0
-4.052500;48.693054;0
-4.068611;48.685555;0
-4.098055;48.693054;0
-4.141944;48.691387;0
-4.180833;48.684444;0
-4.211111;48.667778;0
-4.193056;48.652500;0
-4.231111;48.651669;0
-4.276389;48.646389;0
-4.307778;48.635555;0
-4.295833;48.660000;0
-4.326667;48.674721;0
-4.365833;48.668056;0
-4.402222;48.655556;0
-4.416389;48.645000;0
-4.432500;48.637222;0
-4.462778;48.630554;0
-4.506667;48.628887;0
-4.541667;48.635277;0
-4.563611;48.617500;0
-4.545278;48.603333;0
-4.558055;48.595001;0
-4.589722;48.607498;0
-4.607500;48.584446;0
-4.584445;48.566666;0
-4.600278;48.570000;0
-4.636667;48.578335;0
-4.673333;48.570835;0
-4.704167;48.563057;0
-4.728889;48.558887;0
-4.748889;48.536110;0
-4.772222;48.514999;0
-4.769444;48.488056;0
-4.749166;48.470276;0
-4.775000;48.459167;0
-4.783889;48.434723;0
-4.780278;48.410000;0
-4.762222;48.388332;0
-4.784722;48.370277;0
-4.771111;48.343887;0
-4.736111;48.335835;0
-4.694167;48.341389;0
-4.669445;48.359444;0
-4.630000;48.348888;0
-4.590000;48.348331;0
-4.553333;48.360279;0
-4.513611;48.370277;0
-4.478333;48.383057;0
-4.438056;48.392502;0
-4.393889;48.399166;0
-4.352778;48.408054;0
-4.315834;48.419998;0
-4.298056;48.419724;0
-4.330833;48.404999;0
-4.369167;48.394165;0
-4.405278;48.381943;0
-4.434166;48.364445;0
-4.447222;48.337223;0
-4.423889;48.336945;0
-4.405556;48.335278;0
-4.373333;48.331665;0
-4.346667;48.348610;0
-4.320278;48.354721;0
-4.299445;48.355278;0
-4.278889;48.356388;0
-4.304167;48.340279;0
-4.324722;48.322777;0
-4.287778;48.318611;0
-4.260556;48.311668;0
-4.233611;48.311668;0
-4.214722;48.300835;0
-4.200555;48.296112;0
-4.243333;48.293056;0
-4.279722;48.286945;0
-4.273334;48.298054;0
-4.322222;48.296665;0
-4.361111;48.286110;0
-4.403889;48.282223;0
-4.431389;48.298611;0
-4.474722;48.291389;0
-4.506389;48.295555;0
-4.535278;48.291389;0
-4.545556;48.311668;0
-4.531389;48.338055;0
-4.563611;48.334167;0
-4.578611;48.311111;0
-4.579444;48.283611;0
-4.617222;48.286388;0
-4.620555;48.261944;0
-4.588333;48.256390;0
-4.546667;48.257221;0
-4.563611;48.237221;0
-4.550000;48.211113;0
-4.553611;48.181946;0
-4.533056;48.182499;0
-4.509167;48.203335;0
-4.493889;48.229168;0
-4.461945;48.242500;0
-4.427222;48.234165;0
-4.397500;48.222778;0
-4.368055;48.210835;0
-4.325278;48.209721;0
-4.300278;48.189724;0
-4.287500;48.162224;0
-4.277500;48.135555;0
-4.288055;48.108334;0
-4.319722;48.103333;0
-4.360000;48.113335;0
-4.404444;48.107224;0
-4.448611;48.100555;0
-4.486389;48.089722;0
-4.533611;48.086945;0
-4.573056;48.080833;0
-4.613611;48.073612;0
-4.662222;48.073612;0
-4.702500;48.069168;0
-4.714722;48.044998;0
-4.700555;48.036667;0
-4.659167;48.026943;0
-4.623889;48.022778;0
-4.587222;48.010555;0
-4.551111;48.009724;0
-4.525556;48.016945;0
-4.491667;48.003887;0
-4.462778;47.986389;0
-4.432500;47.970001;0
-4.409444;47.950001;0
-4.388333;47.927776;0
-4.369444;47.904446;0
-4.353889;47.878613;0
-4.343333;47.849445;0
-4.366944;47.830833;0
-4.366389;47.804165;0
-4.323056;47.801666;0
-4.284444;47.798889;0
-4.240833;47.798054;0
-4.195000;47.803333;0
-4.165278;47.820278;0
-4.171389;47.838612;0
-4.187222;47.853611;0
-4.182778;47.881390;0
-4.158889;47.862778;0
-4.132222;47.864445;0
-4.122778;47.880001;0
-4.143055;47.902500;0
-4.135278;47.914722;0
-4.119167;47.889446;0
-4.096389;47.873611;0
-4.059722;47.871944;0
-4.038055;47.853611;0
-4.008333;47.863609;0
-4.027222;47.849998;0
-3.987222;47.859165;0
-3.982778;47.885555;0
-3.973333;47.902500;0
-3.944444;47.889446;0
-3.916111;47.872223;0
-3.908611;47.854721;0
-3.891111;47.836388;0
-3.864444;47.817780;0
-3.847778;47.793610;0
-3.812222;47.799168;0
-3.766944;47.794167;0
-3.734444;47.808613;0
-3.708611;47.799999;0
-3.677500;47.785000;0
-3.638333;47.779724;0
-3.589722;47.775002;0
-3.545000;47.768612;0
-3.516944;47.762501;0
-3.495278;47.740555;0
-3.476944;47.716667;0
-3.446667;47.700554;0
-3.402222;47.704445;0
-3.366945;47.716946;0
-3.394444;47.734165;0
-3.356945;47.736389;0
-3.326944;47.752499;0
-3.301389;47.770279;0
-3.284167;47.775276;0
-3.303333;47.751110;0
-3.331389;47.733612;0
-3.350833;47.713333;0
-3.329722;47.709721;0
-3.290278;47.699165;0
-3.303333;47.694443;0
-3.343889;47.698055;0
-3.333611;47.694168;0
-3.293611;47.687222;0
-3.265000;47.678055;0
-3.234722;47.661667;0
-3.210833;47.660557;0
-3.196111;47.683887;0
-3.187500;47.692780;0
-3.163889;47.705002;0
-3.168611;47.735279;0
-3.178333;47.746944;0
-3.146389;47.744999;0
-3.139167;47.732777;0
-3.116945;47.727222;0
-3.112500;47.698334;0
-3.148889;47.688610;0
-3.185555;47.678333;0
-3.198611;47.656113;0
-3.193611;47.630833;0
-3.162222;47.615555;0
-3.140000;47.593887;0
-3.131944;47.563889;0
-3.140833;47.532776;0
-3.143055;47.507500;0
-3.133889;47.478054;0
-3.099722;47.472221;0
-3.101111;47.486389;0
-3.119444;47.508335;0
-3.128611;47.533611;0
-3.123333;47.567780;0
-3.127222;47.596390;0
-3.095278;47.587223;0
-3.091389;47.571945;0
-3.050000;47.580002;0
-3.019444;47.580555;0
-3.015833;47.608055;0
-3.005556;47.579445;0
-2.993056;47.585278;0
-2.971667;47.580276;0
-2.954722;47.569721;0
-2.935555;47.568333;0
-2.958611;47.589169;0
-2.961111;47.615555;0
-2.970000;47.641109;0
-2.965278;47.650833;0
-2.939167;47.631943;0
-2.941944;47.610001;0
-2.926111;47.604721;0
-2.913611;47.597500;0
-2.882222;47.596390;0
-2.855556;47.605278;0
-2.842778;47.624722;0
-2.800000;47.625832;0
-2.785556;47.637222;0
-2.757778;47.638611;0
-2.736667;47.621113;0
-2.766667;47.626945;0
-2.747222;47.611946;0
-2.712778;47.598057;0
-2.706111;47.607777;0
-2.695000;47.619999;0
-2.698056;47.637222;0
-2.680556;47.613056;0
-2.699167;47.588333;0
-2.718055;47.571110;0
-2.732222;47.550278;0
-2.763611;47.547501;0
-2.794722;47.549999;0
-2.813889;47.555832;0
-2.841944;47.550556;0
-2.861111;47.558887;0
-2.898056;47.564999;0
-2.903056;47.548611;0
-2.873889;47.538612;0
-2.847222;47.519722;0
-2.828333;47.496113;0
-2.788889;47.490555;0
-2.753056;47.502224;0
-2.708611;47.506111;0
-2.673889;47.501389;0
-2.667500;47.527222;0
-2.623889;47.521667;0
-2.628611;47.538887;0
-2.588611;47.541668;0
-2.584167;47.535557;0
-2.610556;47.517776;0
-2.611667;47.511665;0
-2.572500;47.519165;0
-2.532778;47.527222;0
-2.493889;47.521389;0
-2.453056;47.511391;0
-2.411111;47.503056;0
-2.376111;47.504723;0
-2.385556;47.502224;0
-2.422778;47.499443;0
-2.464444;47.496666;0
-2.490278;47.485001;0
-2.487500;47.457222;0
-2.459445;47.452499;0
-2.449167;47.432499;0
-2.417500;47.423332;0
-2.392778;47.408054;0
-2.422500;47.409721;0
-2.440556;47.399445;0
-2.466667;47.417500;0
-2.498055;47.402500;0
-2.527500;47.386112;0
-2.544445;47.373890;0
-2.511111;47.360554;0
-2.499167;47.333611;0
-2.486944;47.327221;0
-2.477778;47.334721;0
-2.446667;47.319168;0
-2.439445;47.293888;0
-2.478889;47.288612;0
-2.510278;47.302776;0
-2.540278;47.296665;0
-2.501945;47.285278;0
-2.470556;47.274723;0
-2.433611;47.262501;0
-2.416111;47.281944;0
-2.370278;47.279724;0
-2.339167;47.263889;0
-2.310833;47.246666;0
-2.273333;47.241665;0
-2.244722;47.258610;0
-2.209167;47.270557;0
-2.181667;47.288334;0
-2.159167;47.310001;0
-2.118056;47.310833;0
-2.067500;47.311390;0
-2.028056;47.320278;0
-1.986944;47.311668;0
-1.955278;47.296391;0
-1.917500;47.295834;0
-1.880000;47.284721;0
-1.851944;47.267223;0
-1.827222;47.247501;0
-1.801667;47.228333;0
-1.763056;47.215832;0
-1.735000;47.207779;0
-1.785278;47.209446;0
-1.818889;47.223610;0
-1.852778;47.237499;0
-1.891667;47.248611;0
-1.919167;47.266666;0
-1.906389;47.275276;0
-1.940278;47.283333;0
-1.958055;47.279446;0
-2.002778;47.284168;0
-2.033056;47.293610;0
-2.068889;47.282223;0
-2.116389;47.279167;0
-2.156111;47.272221;0
-2.166945;47.243057;0
-2.162500;47.218613;0
-2.155555;47.188332;0
-2.170278;47.160831;0
-2.212778;47.154999;0
-2.241945;47.138611;0
-2.205833;47.126945;0
-2.161944;47.123611;0
-2.115278;47.118332;0
-2.077778;47.106388;0
-2.045278;47.092499;0
-2.017778;47.074444;0
-1.996944;47.052776;0
-1.988611;47.029167;0
-2.016389;47.011391;0
-2.032778;46.985279;0
-2.042500;46.954723;0
-2.080000;46.945278;0
-2.101944;46.922779;0
-2.120278;46.905556;0
-2.131944;46.879723;0
-2.132500;46.845833;0
-2.117222;46.821110;0
-2.090000;46.802776;0
-2.058889;46.786945;0
-2.025833;46.772221;0
-1.998333;46.754166;0
-1.978056;46.732224;0
-1.964722;46.706112;0
-1.923611;46.695835;0
-1.904444;46.672779;0
-1.891111;46.654167;0
-1.860556;46.637779;0
-1.847778;46.611946;0
-1.825000;46.593887;0
-1.823056;46.569721;0
-1.817778;46.539165;0
-1.809167;46.510555;0
-1.794722;46.485279;0
-1.789167;46.506943;0
-1.776667;46.518890;0
-1.763611;46.492779;0
-1.728889;46.479168;0
-1.698611;46.462776;0
-1.664167;46.448891;0
-1.628889;46.453056;0
-1.630556;46.431110;0
-1.596667;46.421944;0
-1.547500;46.421665;0
-1.501389;46.416668;0
-1.474722;46.398335;0
-1.462222;46.372223;0
-1.453611;46.343613;0
-1.415556;46.340000;0
-1.381111;46.343887;0
-1.344444;46.343613;0
-1.318611;46.325001;0
-1.296944;46.323891;0
-1.280556;46.317223;0
-1.257500;46.297222;0
-1.232778;46.277779;0
-1.219444;46.286110;0
-1.207778;46.314724;0
-1.172778;46.325832;0
-1.132778;46.318890;0
-1.110556;46.298889;0
-1.099444;46.272221;0
-1.123611;46.253056;0
-1.153889;46.237778;0
-1.184444;46.223057;0
-1.186667;46.199165;0
-1.208055;46.176388;0
-1.193611;46.152779;0
-1.152222;46.155277;0
-1.135556;46.133888;0
-1.127778;46.115002;0
-1.103611;46.100277;0
-1.091111;46.074165;0
-1.073333;46.050835;0
-1.051389;46.029999;0
-1.062500;46.004444;0
-1.097500;46.009445;0
-1.104445;45.993889;0
-1.080278;45.974998;0
-1.083055;45.952778;0
-1.073889;45.929443;0
-1.070833;45.901390;0
-1.108889;45.900002;0
-1.123056;45.879444;0
-1.146667;45.871113;0
-1.139167;45.843887;0
-1.131667;45.814724;0
-1.112500;45.792221;0
-1.089444;45.771667;0
-1.060278;45.754723;0
-1.028333;45.739445;0
-1.000000;45.722221;0
-1.003333;45.721668;0
-1.042500;45.732777;0
-1.074444;45.748055;0
-1.105833;45.763611;0
-1.126111;45.785278;0
-1.150556;45.802223;0
-1.190556;45.799721;0
-1.228056;45.790833;0
-1.234167;45.759167;0
-1.237778;45.725555;0
-1.241389;45.700554;0
-1.210278;45.707500;0
-1.174167;45.694721;0
-1.148333;45.675835;0
-1.114444;45.665554;0
-1.078333;45.652779;0
-1.053056;45.633888;0
-1.018889;45.620277;0
-0.989722;45.603333;0
-0.979444;45.575832;0
-0.949167;45.559723;0
-0.907500;45.552502;0
-0.879444;45.535278;0
-0.851389;45.518055;0
-0.826667;45.498611;0
-0.799167;45.480835;0
-0.777500;45.459999;0
-0.760278;45.436390;0
-0.744444;45.412224;0
-0.733333;45.385277;0
-0.720556;45.359444;0
-0.711111;45.331390;0
-0.702500;45.303333;0
-0.696111;45.273613;0
-0.692500;45.242779;0
-0.687222;45.212223;0
-0.680278;45.183334;0
-0.676389;45.152222;0
-0.669167;45.123055;0
-0.656389;45.097221;0
-0.639167;45.073891;0
-0.613611;45.055279;0
-0.576389;45.042500;0
-0.531944;45.034443;0
-0.505278;45.018055;0
-0.496389;44.997501;0
-0.524722;45.014446;0
-0.567500;45.023613;0
-0.583056;45.016388;0
-0.554444;44.999443;0
-0.540278;44.974445;0
-0.544444;44.940556;0
-0.539444;44.910278;0
-0.546944;44.895279;0
-0.557500;44.922222;0
-0.559722;44.954166;0
-0.561389;44.985832;0
-0.586111;45.004723;0
-0.616944;45.020557;0
-0.644722;45.037777;0
-0.667778;45.058056;0
-0.686944;45.080276;0
-0.704444;45.103611;0
-0.715833;45.129444;0
-0.722500;45.158890;0
-0.728889;45.188332;0
-0.731667;45.220001;0
-0.738889;45.248890;0
-0.751944;45.274723;0
-0.760833;45.303055;0
-0.776667;45.326389;0
-0.793889;45.349998;0
-0.815556;45.370834;0
-0.843056;45.388611;0
-0.873333;45.404724;0
-0.894167;45.426109;0
-0.916667;45.446667;0
-0.948611;45.461945;0
-0.989444;45.471943;0
-1.011944;45.488335;0
-1.038056;45.506668;0
-1.062500;45.526112;0
-1.053333;45.556946;0
-1.078056;45.567223;0
-1.101111;45.545277;0
-1.119444;45.520000;0
-1.140000;45.496666;0
-1.140556;45.464722;0
-1.149167;45.430832;0
-1.152222;45.395557;0
-1.152222;45.362499;0
-1.151111;45.329723;0
-1.155556;45.294724;0
-1.160833;45.259167;0
-1.166111;45.224724;0
-1.174722;45.191387;0
-1.185556;45.159443;0
-1.194722;45.126667;0
-1.200278;45.091110;0
-1.205278;45.055557;0
-1.208055;45.020832;0
-1.211667;44.986111;0
-1.218889;44.951111;0
-1.224167;44.915833;0
-1.229167;44.880280;0
-1.233611;44.845276;0
-1.239444;44.809166;0
-1.246667;44.774445;0
-1.251111;44.738335;0
-1.256944;44.703335;0
-1.262778;44.668335;0
-1.261667;44.635555;0
-1.248889;44.638054;0
-1.248889;44.669724;0
-1.235000;44.698612;0
-1.214722;44.721943;0
-1.191667;44.742779;0
-1.177778;44.771667;0
-1.143611;44.766388;0
-1.116111;44.748611;0
-1.092778;44.728889;0
-1.063611;44.712502;0
-1.056111;44.692501;0
-1.039444;44.670555;0
-1.068333;44.657223;0
-1.108333;44.653332;0
-1.147778;44.654724;0
-1.180833;44.665554;0
-1.203611;44.644165;0
-1.214444;44.613888;0
-1.228333;44.585278;0
-1.249722;44.563057;0
-1.254722;44.537498;0
-1.245833;44.509445;0
-1.249444;44.475555;0
-1.255833;44.440277;0
-1.261111;44.405556;0
-1.271111;44.373611;0
-1.277500;44.339169;0
-1.281944;44.305000;0
-1.286111;44.270832;0
-1.296667;44.238888;0
-1.304722;44.205002;0
-1.313333;44.171665;0
-1.320833;44.137222;0
-1.328056;44.102779;0
-1.338889;44.072224;0
-1.348056;44.039444;0
-1.356111;44.005554;0
-1.365556;43.972500;0
-1.369722;43.937500;0
-1.378056;43.903889;0
-1.390000;43.873611;0
-1.402222;43.843056;0
-1.412222;43.811111;0
-1.416945;43.778332;0
-1.427778;43.746944;0
-1.434444;43.712223;0
-1.444722;43.680279;0
-1.454722;43.647778;0
-1.464722;43.615833;0
-1.475278;43.584446;0
-1.488333;43.555000;0
-1.505000;43.528610;0
-1.530278;43.509724;0
-1.557778;43.492779;0
-1.574722;43.466946;0
-1.595833;43.444443;0
-1.623333;43.428055;0
-1.655833;43.416111;0
-1.692500;43.407776;0
-1.733611;43.403332;0
-1.720;43.300;0
-1.640;43.280;0
-1.620;43.230;0
-1.570;43.230;0
-1.490;43.260;0
-1.480;43.250;0
-1.380;43.220;0
-1.420;43.090;0
-1.480;43.070;0
-1.430;43.020;0
-1.350;43.010;0
-1.320;43.100;0
-1.300;43.090;0
-1.290;43.050;0
-1.260;43.030;0
-1.200;43.030;0
-1.120;42.990;0
-1.070;43.000;0
-0.940;42.920;0
-0.820;42.930;0
-0.760;42.950;0
-0.730;42.930;0
-0.730;42.880;0
-0.680;42.860;0
-0.550;42.760;0
-0.500;42.810;0
-0.420;42.790;0
-0.290;42.830;0
-0.150;42.770;0
-0.120;42.770;0
-0.070;42.710;0
-0.020;42.690;0
0.010;42.670;0
0.230;42.720;0
0.230;42.720;0
0.270;42.710;0
0.330;42.660;0
0.360;42.670;0
0.360;42.690;0
0.410;42.700;0
0.440;42.680;0
0.530;42.670;0
0.540;42.680;0
0.670;42.680;0
0.720;42.660;0
0.740;42.670;0
0.680;42.770;0
0.700;42.840;0
0.860;42.820;0
0.950;42.770;0
0.970;42.790;0
1.050;42.770;0
1.080;42.760;0
1.090;42.760;0
1.180;42.690;0
1.270;42.700;0
1.270;42.690;0
1.360;42.710;0
1.360;42.700;0
1.460;42.580;0
1.500;42.590;0
1.500;42.620;0
1.620;42.610;0
1.620;42.620;0
1.740;42.590;0
1.730;42.570;0
1.730;42.570;0
1.780;42.550;0
1.790;42.550;0
1.830;42.560;0
1.800;42.490;0
1.890;42.430;0
1.940;42.420;0
1.970;42.360;0
2.030;42.340;0
2.040;42.350;0
2.250;42.420;0
2.410;42.380;0
2.510;42.320;0
2.610;42.330;0
2.710;42.320;0
2.740;42.390;0
2.850;42.390;0
2.910;42.430;0
3.050;42.450;0
3.050;42.450;0
3.100;42.410;0
3.164;42.399;0
3.211667;42.449722;0
3.193889;42.472221;0
3.174444;42.493889;0
3.156667;42.516388;0
3.128056;42.532223;0
3.100833;42.549721;0
3.092222;42.576946;0
3.088333;42.607224;0
3.083889;42.635834;0
3.077222;42.664444;0
3.050555;42.671665;0
3.057500;42.695557;0
3.079167;42.675835;0
3.085556;42.706665;0
3.088333;42.735001;0
3.091944;42.768890;0
3.085278;42.797501;0
3.050833;42.810276;0
3.011945;42.817501;0
2.997500;42.841667;0
3.021111;42.861389;0
3.046389;42.879723;0
3.054722;42.912224;0
3.092222;42.904999;0
3.097222;42.927776;0
3.064722;42.942501;0
3.051111;42.967224;0
3.075000;42.987221;0
3.067778;42.965000;0
3.086111;42.950832;0
3.103333;42.977501;0
3.109444;43.011944;0
3.127500;43.037777;0
3.135278;43.067501;0
3.100833;43.072224;0
3.097778;43.102779;0
3.109167;43.123333;0
3.138889;43.114445;0
3.114167;43.097221;0
3.136667;43.078056;0
3.156945;43.100555;0
3.178333;43.120834;0
3.200278;43.143055;0
3.221111;43.166111;0
3.239444;43.188610;0
3.259167;43.212776;0
3.290555;43.223057;0
3.318889;43.238609;0
3.349167;43.252499;0
3.375000;43.270832;0
3.403889;43.286388;0
3.441389;43.292778;0
3.478333;43.289722;0
3.521667;43.286945;0
3.539722;43.313057;0
3.561944;43.333611;0
3.587222;43.352501;0
3.609444;43.374443;0
3.637222;43.390835;0
3.669722;43.402222;0
3.706667;43.409443;0
3.732500;43.428055;0
3.763056;43.441666;0
3.793056;43.455833;0
3.821389;43.471390;0
3.846389;43.490833;0
3.872222;43.508888;0
3.900278;43.525002;0
3.927778;43.541668;0
3.926389;43.553055;0
3.896389;43.538887;0
3.872500;43.518612;0
3.844445;43.502499;0
3.819722;43.483334;0
3.792222;43.466667;0
3.763333;43.451389;0
3.729722;43.441113;0
3.714444;43.447498;0
3.749167;43.456944;0
3.780278;43.469723;0
3.805556;43.488609;0
3.818056;43.518333;0
3.855833;43.524445;0
3.876667;43.542221;0
3.903611;43.559444;0
3.938333;43.568890;0
3.972222;43.579166;0
4.002222;43.593056;0
4.039166;43.600277;0
4.075555;43.605556;0
4.090833;43.599167;0
4.066389;43.582500;0
4.027500;43.577499;0
3.990000;43.570835;0
3.955278;43.561668;0
3.985000;43.564999;0
4.024445;43.569443;0
4.066389;43.571388;0
4.112778;43.563332;0
4.138055;43.545555;0
4.146389;43.518055;0
4.155278;43.490833;0
4.185833;43.475555;0
4.228889;43.468334;0
4.273334;43.467499;0
4.320000;43.464722;0
4.366944;43.456944;0
4.408611;43.454445;0
4.446667;43.459167;0
4.488333;43.461388;0
4.533333;43.457500;0
4.573056;43.446110;0
4.599167;43.427776;0
4.583889;43.400833;0
4.573611;43.376667;0
4.605000;43.361111;0
4.650556;43.359165;0
4.695000;43.358055;0
4.738611;43.358055;0
4.784722;43.355556;0
4.820833;43.362778;0
4.802778;43.385277;0
4.769166;43.399723;0
4.740000;43.416389;0
4.725278;43.440556;0
4.733611;43.474998;0
4.731389;43.505554;0
4.722500;43.532501;0
4.705555;43.555557;0
4.699722;43.576389;0
4.721667;43.555832;0
4.739444;43.533333;0
4.748889;43.506390;0
4.745278;43.473057;0
4.738611;43.438057;0
4.758333;43.416389;0
4.790555;43.401112;0
4.821944;43.385555;0
4.853055;43.373611;0
4.867778;43.386665;0
4.846667;43.406113;0
4.873889;43.423054;0
4.908889;43.431946;0
4.946667;43.426666;0
4.973889;43.415279;0
5.005278;43.415279;0
5.041945;43.421112;0
5.060833;43.437778;0
5.058055;43.468056;0
5.026111;43.481945;0
5.010278;43.505280;0
5.021667;43.530834;0
5.029167;43.555832;0
5.053056;43.536388;0
5.091111;43.534443;0
5.120000;43.521389;0
5.119444;43.498890;0
5.148611;43.482224;0
5.180833;43.482498;0
5.211667;43.495834;0
5.226666;43.476665;0
5.212778;43.456944;0
5.189445;43.435276;0
5.158889;43.423054;0
5.123611;43.418056;0
5.081666;43.416389;0
5.043334;43.411388;0
5.013055;43.397499;0
5.012500;43.369720;0
5.033056;43.348331;0
5.071944;43.340557;0
5.112222;43.340557;0
5.154722;43.338890;0
5.190000;43.341946;0
5.230000;43.340832;0
5.263333;43.351112;0
5.296111;43.362221;0
5.333611;43.360554;0
5.355278;43.340000;0
5.360000;43.310833;0
5.353889;43.286667;0
5.370000;43.263889;0
5.350833;43.238609;0
5.372778;43.218887;0
5.418611;43.216110;0
5.454722;43.214443;0
5.487500;43.210556;0
5.524167;43.213890;0
5.551944;43.210556;0
5.573611;43.189999;0
5.607222;43.176945;0
5.636667;43.191666;0
5.681944;43.189167;0
5.690278;43.167221;0
5.718611;43.153057;0
5.751667;43.142776;0
5.777778;43.134724;0
5.804722;43.123055;0
5.798056;43.109444;0
5.773611;43.091110;0
5.803056;43.081390;0
5.827222;43.062222;0
5.869167;43.059166;0
5.889444;43.083332;0
5.925000;43.082222;0
5.913889;43.093887;0
5.890555;43.112221;0
5.902222;43.125000;0
5.937778;43.131668;0
5.941945;43.112499;0
5.978055;43.111668;0
6.017222;43.115555;0
6.034444;43.100555;0
6.072500;43.104443;0
6.115278;43.097500;0
6.123611;43.070278;0
6.087778;43.062778;0
6.100833;43.051945;0
6.141667;43.054165;0
6.178889;43.055557;0
6.157778;43.074722;0
6.161389;43.106945;0
6.184722;43.127777;0
6.228055;43.127224;0
6.263055;43.134445;0
6.303056;43.123611;0
6.323056;43.102222;0
6.355556;43.092499;0
6.366389;43.109444;0
6.361945;43.137779;0
6.389444;43.154446;0
6.424445;43.159168;0
6.458333;43.168335;0
6.499722;43.169724;0
6.525278;43.188610;0
6.556111;43.201389;0
6.597222;43.191666;0
6.612778;43.168888;0
6.639167;43.184166;0
6.651667;43.208057;0
6.683889;43.218334;0
6.660278;43.235279;0
6.681389;43.258888;0
6.694445;43.280834;0
6.658056;43.283054;0
6.618611;43.281944;0
6.585556;43.287498;0
6.616944;43.299999;0
6.650556;43.310001;0
6.668056;43.329445;0
6.686111;43.350555;0
6.718056;43.362221;0
6.729722;43.392776;0
6.737500;43.425278;0
6.769444;43.431389;0
6.801667;43.422779;0
6.844167;43.423332;0
6.875278;43.433613;0
6.899722;43.451389;0
6.924167;43.470276;0
6.941945;43.497223;0
6.950833;43.519165;0
6.963056;43.542221;0
6.995278;43.553890;0
7.033611;43.555000;0
7.064445;43.568333;0
7.100555;43.575554;0
7.128056;43.560833;0
7.134444;43.590279;0
7.132778;43.620834;0
7.145555;43.650276;0
7.173611;43.666668;0
7.212222;43.671112;0
7.232778;43.695557;0
7.269444;43.701389;0
7.308333;43.705833;0
7.321667;43.692223;0
7.344444;43.703335;0
7.351666;43.722221;0
7.389167;43.726112;0
7.420556;43.739166;0
7.446111;43.758057;0
7.478611;43.767223;0
7.497500;43.787777;0
7.540;43.880;0
7.670;43.970;0
7.740;44.070;0
7.660;44.130;0
7.450;44.090;0
7.220;44.120;0
7.030;44.210;0
7.030;44.280;0
6.930;44.380;0
6.960;44.430;0
6.900;44.490;0
6.910;44.530;0
7.000;44.620;0
7.000;44.660;0
7.060;44.690;0
7.120;44.670;0
7.010;44.830;0
6.960;44.850;0
6.880;44.850;0
6.880;44.840;0
6.740;44.920;0
6.750;44.970;0
6.780;45.000;0
6.760;45.020;0
6.680;45.030;0
6.650;45.110;0
6.780;45.150;0
6.840;45.130;0
7.140;45.230;0
7.130;45.290;0
7.190;45.400;0
7.050;45.490;0
7.000;45.580;0
6.980;45.630;0
6.980;45.630;0
6.980;45.630;0
6.950;45.630;0
6.860;45.680;0
6.810;45.760;0
6.850;45.810;0
7.010;45.880;0
7.030;45.960;0
6.990;46.010;0
6.920;46.050;0
6.900;46.030;0
6.900;46.030;0
6.860;46.050;0
6.880;46.100;0
6.880;46.100;0
6.800;46.190;0
6.860;46.300;0
6.770;46.350;0
6.790;46.390;0
6.650;46.400;0
6.580;46.380;0
6.520;46.390;0
6.470;46.390;0
6.460;46.360;0
6.360;46.340;0
6.330;46.350;0
6.270;46.320;0
6.230;46.250;0
6.310;46.250;0
6.300;46.200;0
6.140;46.150;0
6.070;46.150;0
6.010;46.140;0
6.010;46.140;0
5.980;46.190;0
6.120;46.250;0
6.080;46.300;0
6.130;46.370;0
6.060;46.410;0
6.060;46.420;0
6.060;46.470;0
6.140;46.540;0
6.130;46.590;0
6.120;46.590;0
6.230;46.680;0
6.420;46.770;0
6.450;46.900;0
6.430;46.940;0
6.500;46.980;0
6.500;46.980;0
6.660;47.000;0
6.700;47.080;0
6.700;47.090;0
6.840;47.150;0
6.990;47.330;0
7.030;47.330;0
7.050;47.360;0
6.920;47.370;0
6.980;47.440;0
6.980;47.490;0
7.140;47.490;0
7.160;47.450;0
7.410;47.460;0
7.580;47.590;0
7.670;47.590;0
7.670;47.600;0
7.670;47.610;0
7.580;47.620;0
7.550;47.710;0
7.560;47.770;0
7.540;47.780;0
7.580;47.840;0
7.570;47.850;0
7.610;47.970;0
7.580;48.140;0
7.650;48.190;0
7.690;48.290;0
7.740;48.320;0
7.810;48.510;0
7.810;48.520;0
7.820;48.610;0
7.920;48.700;0
7.930;48.750;0
7.930;48.750;0
8.050;48.810;0
8.110;48.910;0
8.200;48.980;0
7.910;49.060;0
7.880;49.050;0
7.880;49.050;0
7.790;49.070;0
7.750;49.050;0
7.650;49.070;0
7.620;49.100;0
7.490;49.140;0
7.470;49.180;0
7.350;49.170;0
7.350;49.170;0
7.340;49.140;0
7.280;49.110;0
7.070;49.130;0
7.020;49.220;0
6.930;49.230;0
6.930;49.230;0
6.840;49.170;0
6.720;49.190;0
6.590;49.380;0
6.430;49.460;0
6.350;49.460;0
6.190;49.500;0
6.080;49.450;0
6.010;49.450;0
5.950;49.480;0
5.850;49.500;0
5.860;49.530;0
5.860;49.530;0
5.810;49.550;0
5.510;49.520;0
5.520;49.510;0
5.470;49.600;0
5.410;49.620;0
5.400;49.620;0
5.350;49.630;0
5.290;49.700;0
5.190;49.710;0
5.110;49.780;0
5.010;49.800;0
4.960;49.800;0
4.970;49.800;0
4.870;49.820;0
4.870;49.820;0
4.900;49.910;0
4.870;49.950;0
4.810;49.970;0
4.880;50.150;0
4.820;50.160;0
4.820;50.150;0
4.700;50.090;0
4.660;50.020;0
4.660;50.020;0
4.430;49.950;0
4.440;49.960;0
4.440;49.960;0
4.300;49.980;0
4.220;49.980;0
4.150;50.000;0
4.160;50.000;0
4.230;50.100;0
4.130;50.160;0
4.130;50.160;0
4.140;50.230;0
4.140;50.240;0
4.030;50.350;0
4.000;50.340;0
3.790;50.360;0
3.740;50.330;0
3.700;50.340;0
3.680;50.450;0
3.610;50.490;0
3.530;50.490;0
3.560;50.530;0
3.500;50.540;0
3.430;50.510;0
3.430;50.510;0
3.320;50.500;0
3.260;50.710;0
3.150;50.810;0
3.010;50.770;0
2.930;50.720;0
2.930;50.720;0
2.800;50.720;0
2.760;50.810;0
2.700;50.830;0
2.610;50.830;0
2.590;50.900;0
2.630;50.960;0
2.630;50.960;0
2.514;51.082;0